%YAML:1.0
---
cameraMatrix: !!opencv-matrix
   rows: 3
   cols: 3
   dt: d
   data: [ 6.1353714254994065e+02, 0., 2.9585057045051042e+02, 0.,
       6.1124569494286288e+02, 2.1750848631667304e+02, 0., 0., 1. ]
distCoeffs: !!opencv-matrix
   rows: 1
   cols: 5
   dt: d
   data: [ 2.6671591629721481e-01, -1.3441937005747591e+00,
       -6.5249737573420882e-03, -9.0012540797773481e-03,
       2.2254734292449623e+00 ]
R: !!opencv-matrix
   rows: 20
   cols: 1
   dt: "3d"
   data: [ 6.4379918913098999e-01, 7.2278960343141936e-04,
       2.6833622039676484e+00, 5.2729384426068870e-01,
       1.4374004436399379e-01, 2.8055744212109714e+00,
       -1.4789009524015698e-01, -5.1852834502499545e-01,
       -3.1086514530493643e+00, 8.6938278391710184e-04,
       6.0929692223140752e-01, 2.9477712544886541e+00,
       1.2369238410939303e-02, 5.6181225862964712e-01,
       2.9019740443663120e+00, -3.0672736079397061e-02,
       4.1976676426396575e-01, 2.8769653327001121e+00,
       -2.3401023511951100e-02, 3.7491728174685773e-01,
       2.8633396647990637e+00, 4.7537062690067639e-01,
       -1.9819855169989792e-01, 2.9480665271212931e+00,
       7.9732130502303866e-01, -1.8054512037345624e-01,
       2.8765054127313849e+00, 7.2109507285595964e-01,
       -2.5693333441290361e-01, 2.8990170380290392e+00,
       8.3669611897130614e-01, -2.2379185638390467e-01,
       2.9240231930245963e+00, 1.0099757333643919e+00,
       -1.6179062975174446e-01, 2.9241950048995702e+00,
       4.5502575428121339e-01, 2.0195820842030035e-01,
       2.9175688168334761e+00, -5.7040070101087714e-01,
       -5.1729104627552724e-01, -3.0679841375942480e+00,
       -4.7022234874085284e-01, -6.3053198945205857e-01,
       -3.0214150420702084e+00, 7.0585661549897916e-01,
       -2.3907470222553068e-01, 2.8020595467947698e+00,
       -1.2209020456323563e+00, -3.5051190690690842e-01,
       -2.6510754488397379e+00, -5.2971430402314235e-01,
       -4.6981394008771299e-01, -3.0885171022164770e+00,
       -5.2924545829409886e-01, -6.4141255669486574e-01,
       -3.0089645013487716e+00, -1.8083469155636533e-01,
       -5.4959605748958085e-01, -3.0939754636895813e+00 ]
T: !!opencv-matrix
   rows: 20
   cols: 1
   dt: "3d"
   data: [ 4.0020402629888130e+00, 2.4308164070492224e+00,
       1.2585286606718626e+01, 4.7857127613367254e+00,
       2.9573211747182562e+00, 1.1934460650724528e+01,
       -1.8967676668739303e-01, 1.3208505367975951e+00,
       1.3015631211338274e+01, -2.4610595993765930e-02,
       2.5146438889785978e+00, 1.3103940219839256e+01,
       1.2476490846272701e+00, 2.9189644172655336e+00,
       1.3095383718063752e+01, 1.5675146280671428e+00,
       2.0435892795237027e+00, 1.2791810034582115e+01,
       1.3254554355294215e+00, 2.1344890725637300e+00,
       1.2550716802764573e+01, -1.4461751370846684e-01,
       2.9510198225412934e+00, 1.2774471769036849e+01,
       1.3795059550236954e+00, 3.7295826352358854e+00,
       1.2789168835928294e+01, 3.3291428041143400e-01,
       3.3473575953418857e+00, 1.2581039400292829e+01,
       3.8833926701759264e-01, 3.3197094674200174e+00,
       1.2676982809220720e+01, 1.1469348201648788e+00,
       3.4689069017093410e+00, 1.2667546267835887e+01,
       4.9115851396633818e+00, 2.9355205497550148e+00,
       1.1217949279024172e+01, 4.2297142658633078e+00,
       2.3528292698856177e+00, 1.0565374961842403e+01,
       3.7400901868165688e+00, 2.3266150642643693e+00,
       1.0325939750282275e+01, 2.8030165583723834e+00,
       3.7272854010316734e+00, 1.1558573085804765e+01,
       1.7755089162059103e+00, 2.8902716939707491e+00,
       1.0743346325295610e+01, 7.3626398653983538e-01,
       3.0261253825594738e+00, 1.2970323569916896e+01,
       6.9688670112921203e-01, 2.1900984924508355e+00,
       1.3215595942159533e+01, -1.6402684390532407e-01,
       1.5595750711190370e+00, 1.2983900998235443e+01 ]
