%YAML:1.0
---
cameraMatrix: !!opencv-matrix
   rows: 3
   cols: 3
   dt: d
   data: [ 1.4281046604608973e+03, 0., 6.0094148775405438e+02, 0.,
       1.4245283528588016e+03, 4.6105805328002140e+02, 0., 0., 1. ]
distCoeffs: !!opencv-matrix
   rows: 1
   cols: 5
   dt: d
   data: [ -3.8777890195409594e-02, 1.6332832803025834e+00,
       -1.2680442467952724e-03, -1.5127854268053796e-02,
       -5.6078961449678051e+00 ]
R: !!opencv-matrix
   rows: 20
   cols: 1
   dt: "3d"
   data: [ -3.7257367868752951e-02, 7.2527531094538208e-03,
       1.5854907723389247e+00, -3.9800682249034008e-01,
       -3.0756158193705685e-01, 1.5342200873773413e+00,
       -2.0958460757089112e-01, 4.4231485385960563e-02,
       1.1234181044016103e+00, -3.3054148747022355e-01,
       4.2154945332792682e-02, 9.9152414172732650e-01,
       -1.9251560000250797e-01, 9.5752350955447896e-01,
       1.7876276097348003e+00, 8.2486435753526502e-02,
       8.7220885128237635e-01, 2.8751601934749265e+00,
       -4.9136534625322698e-01, 4.5913150455646384e-01,
       1.5756050786611362e+00, -4.8847423316712613e-01,
       3.8685736957297878e-01, 1.2728615624753461e+00,
       3.1906789978658023e-01, 4.2758830759184452e-01,
       1.5634412066052115e+00, -6.3585663250559232e-01,
       -3.3395256115477073e-01, 1.5666569951713489e+00,
       -5.5896900471108413e-01, -2.9380926604310015e-01,
       1.1581141174267124e+00, -5.4616404800277374e-01,
       -2.8240404959583820e-01, 1.4186281549351154e+00,
       2.4504258917824603e-01, 1.4611095061186849e-01,
       1.5346126331329475e+00, -6.6550076850725748e-01,
       5.1190873561500638e-01, 1.3746807457916566e+00,
       -9.5851553607845652e-01, 2.6371676895629947e-01,
       1.0763140760821337e+00, -2.7809582917883235e-01,
       8.8508284403685389e-01, 1.6120511770183557e+00,
       -2.7940111309096387e-02, -5.2144870907912955e-01,
       1.4964944337472461e+00, -5.2694549873713747e-01,
       -3.1613072963911870e-01, 1.4435919993520807e+00,
       -7.3896132636167358e-02, -4.9801501855993115e-02,
       9.7024990853686732e-01, 2.2879421242719108e-01,
       3.1813494107259543e-01, 1.8344364390464858e+00 ]
T: !!opencv-matrix
   rows: 20
   cols: 1
   dt: "3d"
   data: [ 5.1161804196101937e+00, -1.8886844517212900e+00,
       2.3733635786276910e+01, 1.9294463723332620e+00,
       -3.0895409581811462e-02, 1.9177740226247437e+01,
       4.8930668490399792e-01, -2.6185239676736214e+00,
       1.9938978272863185e+01, 1.3226303753366819e+00,
       -3.1471786090170033e+00, 2.1161135997985195e+01,
       4.0181575055017529e+00, -3.2563860964030944e-01,
       2.0118954849723643e+01, 3.5070777088706491e+00,
       2.5726427409492061e+00, 1.7591408392352399e+01,
       5.0563076302031895e+00, -7.4720940504048350e-01,
       2.2113640995853160e+01, 3.3556555613882244e+00,
       -9.0582980272281488e-01, 2.2068124437676463e+01,
       3.9726195455722619e+00, -9.3308908118635236e-01,
       1.9988294996450513e+01, 4.2167140584802008e+00,
       -1.0071782726260803e+00, 1.7964985495001649e+01,
       2.6565108808538591e+00, -1.2680772566935756e+00,
       1.7102787223104087e+01, 2.6669242321973909e+00,
       -1.6125808301525844e+00, 1.7687408281590681e+01,
       5.3035703433569443e+00, -7.3546938614316126e-01,
       1.5796995946413922e+01, 4.8217252118754930e+00,
       -1.1085607449388657e-01, 1.9783886308409521e+01,
       2.6530416883974302e+00, 4.1076504154460014e-01,
       2.0294320034986857e+01, 4.9956139420254777e+00,
       4.0894800735048903e-01, 1.9254662319252414e+01,
       4.8540389551658460e+00, -1.3985400251490256e+00,
       1.6770201720881868e+01, 4.0262771842954770e+00,
       -1.3090727973700345e+00, 2.1307957229412448e+01,
       1.2885420010367272e+00, -2.5118035189889039e+00,
       2.0132599611670305e+01, 1.2733526129998403e+00,
       1.9598005753643002e-01, 1.6857736629659446e+01 ]
