%YAML:1.0
---
PNTRS: !!opencv-matrix
   rows: 4
   cols: 1
   dt: "3d"
   data: [ 1.8428640747070312e+02, 2.7964099121093750e+02, 10.,
       9.9348229980468750e+02, 2.7462850952148438e+02, 10.,
       2.0412474060058594e+02, 7.5561138916015625e+02, 10.,
       9.8792175292968750e+02, 7.3374163818359375e+02, 10. ]
CNRS: !!opencv-matrix
   rows: 4
   cols: 1
   dt: "2d"
   data: [ 184., 278., 992., 278., 184., 751., 992., 751. ]
