%YAML:1.0
---
PNTRS: !!opencv-matrix
   rows: 4
   cols: 1
   dt: "3d"
   data: [ 2.1650534057617188e+02, 6.6167564392089844e+01, 10.,
       2.1199964904785156e+02, 2.4403909301757812e+02, 10.,
       5.4519116210937500e+02, 6.0153335571289062e+01, 10.,
       5.4292572021484375e+02, 2.5784710693359375e+02, 10. ]
CNRS: !!opencv-matrix
   rows: 4
   cols: 1
   dt: "2d"
   data: [ 219., 72., 537., 72., 219., 260., 537., 260. ]
